24
103000509
002109400
000704000
300502006
060000050
700803004
000401000
009205800
804000107
120400300
300010050
006000100
700090000
040603000
003002000
500080700
007000005
000000098
001000000
002030004
000500607
500140000
070000020
000078009
807009000
400060300
000000500
000000039
000001005
003050800
008090006
070002000
100400000
009080050
020000600
400700000
120300004
350000100
004000000
005400200
600070000
000008090
003100500
000009070
000060008
003000000
400080036
008000100
040060073
000900000
000002005
004070068
600000000
700600500
103000509
002109400
000704000
300502006
060000050
700803004
000401000
009205800
804000107
120400300
300010050
006000100
700090000
040603000
003002000
500080700
007000005
000000098
001000000
002030004
000500607
500140000
070000020
000078009
807009000
400060300
000000500
000000039
000001005
003050800
008090006
070002000
100400000
009080050
020000600
400700000
120300004
350000100
004000000
005400200
600070000
000008090
003100500
000009070
000060008
003000000
400080036
008000100
040060073
000900000
000002005
004070068
600000000
700600500
